$ANSIBLE_VAULT;1.1;AES256
63623539633039393333336631336334666238326333633566396334626561626533353464616138
6332653762636666623463343065373439616138653438610a353863363232373463323631636239
35666666303130623738396164313231313935303730303166366133336538656338616535626438
6266613739333336360a366637623932653132336264323630633230616137663062366363376361
62326235363961306437663761343062663831653538366531316532316436323035663366663339
61346364653162373465323335306339363264613861373535633232316463623032353365306665
62633237643836323535623866303039626135633361306466386238373737326134633332626163
39653834373533626438323965616630336665666264666465303361356131336666303665323035
36383832363934333864323939306566363032373637663364316163356337356361646437303665
38393562626363653835633666396463383266336139376364653365633733633932636237333433
31373862303636626564326239383335303065333832336263333839363039636461633132316536
31323866646165353234643832656232643531616664363061353034356561363665383535303431
36623632623737636662636562306438336163303335303931313562666437333233346662363935
64323834363833356138633731373038646162383063623764633930633035643066613264396265
38363266373737383638303138336432346539326563623432363730306462323161343238633034
62383435376161613537616365303064656561666434626334376631313361313832376163323731
61363638633862363862353663376462333361313734393065323963346535623162393066393866
32663037356238343863343730363336356363646637643930353564636461316432396664303239
30313530393832336631316535393762373030663965396431306433663731363130653938343861
39613930343136633962393763613533333566336235306462656239613963363435333466383933
66373837613362393833616439646239373330363761653662396238346663323434386130383936
33626234616639633136373132353964383933383631376462643262663831396663336463323637
64373762396637626563376564623134313732353362396163613133323439663335303066373338
61326566303837393232343834316432653933616233396663303765353436626136386239393833
37633362656464336164393430376262333164373535626638353432333737373762396136303834
61356433663636316434393631356534383365323033643866333463393732663961316162333964
30313030373564633761386137626137343263643063323637343235336261633730663231396135
39376331346134633864666438313562353031396462356232653938356266653265333862386464
30383963663431383436626432386533303766326130306433326431643831303265373864656636
31373032616561363332353437316132343266343664366430663065373231356364343331616665
38356662373734623332376130333130376335626330376466633732363834376336326664383538
33373662303336663264306433613337616637396666336137646437653263316363333935323435
32313631356436393261396630356138353263303630393238376531343961633165343461343536
39363034383638643439663737636363303563303965633038613861396537343931346161643366
36653963393631643136613236366133303262626638303133316561333332333663646266386438
35666263313363653638383966646633616530333039373937313662383164613435623862313639
37623736376333356630333536366266363637363266643334396133326361336566343130623133
36396365386639623365623530383633633431636161626332666165633365373865393234396266
33343838383031633131336636663365623462373230323162393233326536313365633862616335
64313637613038373261656663333564643839306136363164366566633966396561656563633966
65323065383633633039346331373363373133623239326632626166373666363937316530333539
62363863383131663661633461363630343437306263656261393966336539616433643162656436
65623635373839666437393362353764313863633036643339393036373663333836323335636335
38373634663065626163333763303031656534646637353634663539643531383363623435333133
64343433626435373737643836373739386434666533336563343839303132646237653539633135
65343264393064386238636235396262663034363639356131316237313763326138663935663432
65383233343339653436336164323734653462343732656136313836653838363764313162383532
62636261353435646662663265376334393936656633623338383634303664663963616365316336
63376230643337633162626231613435333933653764363466316561353937656330396463353533
61616133353264616133313535366232326566656633393532356662313263333739373639333133
61613232333234343766323233366531366433653964333730393235313537626432396337656662
38323264376463643439663832646535623638626539303662653433373532353531623234393937
34646332313166616139303465326230363534393264653739383963346634636535343961366662
35663137316636626434663661336233616630636630343765616532336530306166646232626633
36613232633364306136616339666466336330623564373165643534313365633461353162376432
35373263643934653365653665393537303535343737316530353433376561393839393631373830
63346366376237653562313339663836376662616466643666366239316430303661336236666231
65643230353236316133383665323436306639336663623539393564343034663062646465336530
34363861376366616330336430626461303930376436303466363936666437646266333866376130
62396331313865643334306661643034643230636465393530366239316164366637393434643037
61373233373432383732376361333836613939303761363666626437343166353037323739353764
32353730303936623333313361396431663035336339623861663065386531343330336134613836
62313434653765636634333563633838383235386461313331373331313638373133323662623238
36363963623561636638383131373639663363353637353531323838383464363434623335396634
63356137643438373832346131353936666536653465396361356430383765323333616333336532
31633931376638326233383834393433366436373530343339333832633837656564616430393138
32643030666337376131353764353661623436666637653232623830356164656135656466623339
30356462313461613063653866343132333737386362333961623438316366333761393036623139
39343733303031643862323832326531353739303238303330316236346665336162363362323739
38353136333866633463373237353962363838373764653031616361623763386231616266306461
63333637383230653531386132306631656537376432323239383861363132393262356233326362
35383135613162336438336139646362386665303161336562393263326437616339616262303366
64613337643465616636363162366333373030656637346139393435623631386231626639613039
34323434396337623566343330393363616337353835323364643533653264316565633366643766
38386339663265636530323732346636636335373863346631356233333065383663303865353865
39383733623235653436303233396365333134333862663432326232656163353334303537656636
38653734646431643839383039373365346261383963663134636661313136313130623935613836
63373633376163666237656238306166633963366466306163326162373337353266343131623734
33343765623036393934626630363635663530386336653766643733376331623036653530623936
61373962353634343336333261356234323138343866313935613463643662396134396365646236
37326238613864613337636437613262313039666661363032366561653463663339376239313461
65326636653337343436343839306138383963316136623564633965666164356663383666653165
62353964366662626132363532653562643462376663313530663336396433613236323766323264
39306534386234666336613036633765326263393335313830383764306462646430313635393638
63663231623936333337353834373238386535336164376565333664616265313739636136366134
62653131666337356466643230323539373965646439326165363334636533386231656465383435
39383137376533623335663563626638633264313766643661363932356166383931623562353538
61666533393331323133326563356338653034656637316164316636623430626166643961646638
33323039653839383031306366343666363666313031326562623063323637653163366637616335
31613835636538303138613162393863393635646466666634363461653434393238373738633162
34633836323936366564343762646334393765666539643337326565633930383034343266613135
63313062383531323761343437363034393762643233373235653839656633666464383865346138
32366366613161376335373361323831383766393762633164316636326161643434356365353561
30326137313163616332353739396264663266363738653238643137306166643535386164353963
32663232356338346630663563353931326166666364376439643262623634353565643230306532
31313766633732396465386263646335353533303437656166636435336133343863623065376166
66656139613731393561646330323364663530323232633266316263626461303165373932333065
37303762323062643563343533363839376432333561306137666163626635633134346561336136
64643239316366313632323738386330636436623835373862653139393337613465613730303162
36633266623438623234623733396164316231303364303739663662306331626364353766353932
34316265633731623932373366313262353332333131386665653332646239366636643437313431
31306665323335363734663738343363313361396638323735366161656366356563376538303361
30386363653264356136326131373034633832373265333561646530393665373438356631636432
34626137666337623635626465333665383835363933613931373861613238616161316265653035
31313861636161653961353532383062393462656638353733313661383935396366373266323866
33636164353937353765316533623962373838393636663162393931613363333936383839653038
62393438366238323464616464346133636338363537353737393337333032343034646663646664
38343236306339303937643766323535393232326337303462343833373736646366396261316235
39663931623638623064363838326466626237396233313964376538383036366238663962393034
37386366633938626634343466303935346335333136336238633066356561386532653233626665
32663830616634646634616532393963653239633138643439656661343734323836643062343932
32636562613831623139303339386231663166313131383330643766313364383566383763656138
33323866306332336133303761633537346631643462366464396462666366346561366139353664
39346335313637393538303334303865323538303235393234393138366331336266386562616366
35653934316433633632663133326534353831386438636137383831363735666439356333663263
38323739386532353636346439333661353433626262373464396432613566376632646638396135
34313034343963376233646131323238316136386563623465323034386334663664633539653566
36636638633435663262666530383532353536656636663763343366653337333862636634326631
38373231393136356338383331393837346361303931626637656136343264373066393436663239
64303866623035316536343263343731333037626134663931653033656437303736663735633134
30646461346533643939326361383766333264323030366462373964343731373435383063313062
39326638323330666462353930313837336333386532636437316561386464356338313836613162
36313365323231373734623231313966623432626330626363613634366361633637386464633231
63383630373932646636656265356634366235316432663931396161633962313166666162613532
37626230353663626636393564343064303835616363613931653230356266333939393530646131
32633633303561633539393165323139393630376363313838393034356432313838376637303065
65666334653434633163376633623730336230626365353038643132303530323830386438666438
38636332366665383162363535643635316435393263643533313732393934363763346330363861
38303835313930366266636264653134353065303036363130373235373132383561363866373634
38373739353637663837393239343963646366646338323537313766383464336631303332373937
32373034303661356531323739393538663837663032656461666461373037646639626362366136
33666165376333633237363563323539663964376332613262396663666231396536313764303762
62303166356238333032393734616533396333626161313231643261393162646462663761333337
63636533626435326463393666306339303030363261623738346634396539616562353161386330
66393666656461353730336538623064363961386530303966383632393437646566303965356330
35616633393766346339353536643465366632396364336233616262666334333235643431326438
30643935656631386630643762323632323233623339623839393665616264613139303338633834
34343232653564393435643131383966353363353039353936366461376530633139336538313937
36623035333031383462653037323432643466396137613435343432353533656531316566616164
62663235666437656433653331346437336664303866393134333562353664353661326332666336
63356337373864303637633131613636383635373333346235323466613365383233303265663038
66616336343362373364643964643836323164386439396438626132616439306364623134343431
66326466373766613239366337666436363161663763363666343938653939623465313630326663
35643239336436623466663032626364633937353465646364666430653464313439613432333863
32393330663533386461366437303962346536663965353264636238323739343630313831336364
62393037363062653064636364663266643730343234313533353035363138636436303064346632
65386630356236353032383662363535633834306566626637343737346662393033373034613266
35353933313234383766363030303061363164636366636135343733386337376137363439623232
64356339646135393433326262653437656332363364343237343061333134386534303633666630
62363330353039373236663536386432666461623766356334383331356132333230376333613534
33376532303566633739366162313561616366613764653762303833393731666334356461333732
65303565323161616434393564333261636537663635636330613336396464333066356363613963
32363464363632646631376637656233663965613862653130346564613734383462653435383061
32386233633761393833313331633031313834623034643833383633373165653163303735373233
64333233336166643735333766383136363761383165656536383036366366343664623538323735
33613839303265623839663264373861363964646337393838303562346538656163636661373937
30373836326134366239336563336134316363333433653639346563653235323230613161383830
34326630396431336638316537316433386639313465623265656562343736666563636135396634
63313966383432666134333631333538366662656433333538363265623863633937626632613664
32643364376563613761646536383837356361633065613636616461383333303265643134346262
66393731666265666166643836336465323466613635353762363139346161656134336535393561
64306436663835393866663838626130363564656464393437656139353063376236303739383866
30626162393439323936663236333931626636363631656332646364393664663165353261646264
64633038633362626639626563666266313437663738623035636335393439616163343235353239
61623465323433313739616265633134343965386165396566643664626633633563386162356635
37623863346333343866353332353663373836633766383130653537383965303764323766633064
36303966613861323535363665323737623630626337363033303161356134613063316137316331
31656663663865636430663838306631373834356466333562333433386235366638323037616432
61376530656466663135633332363430323431393433623237633566643065333662306465643237
64623039313030636131333731333938343930343136363366643465323266316635336134393931
65383732346563353666326533653063373361393430626430616137613261613439653235376164
36643432393762623365366463323434666263393236643261346461643531643432326261383363
64323664633766373065613666663563393836343263353136303762343532306466623335376466
33383533333138386438313535346664646137626438323836343337343436636231396230623831
35303266386664303164626266333235613462383237303533323537386563383931623036656231
32346631613864303039666266353266306232613636356162336163323835306233373034363134
61626662393061346231626132316365363230393133633766613332383233393433383934316562
31653631383033336431373633323464396466393436613334363566636361373461356563353030
61616563346137623530336532663666313132353132326637663661613130653537376665386138
36323536393236643965373264343835373536306564343733393934333730636531653665363663
66623936303833343564373666373266356461303037306361366561346634613637366239356363
37313036613665326163393938316230333239633235393462306139363562343333303563646435
35353564346534623830623830393436393561336536333164343436323262393537393434383635
33643666663962313539353235623764653631343339656434393964353064616437386666636434
34663538656637316132636234346466373134313339303631323165363739393036326130353566
30663963366630356265646134363533613163323135623864626161653939383838356234353832
35353730366339626330316337653831323939313364646339356635643537666339653962306538
64336136386536656266366166363431363266646361303031343238656233663933333364373332
37343739343436343966373666353061353535653533656137353835386530366133616261363938
62386263393037666537656339613939393933336636633234633934363936323562306131363231
31336632653230323537613737343832346433353736343061373832303739333438636134393262
33376565353535653364366565656234333830653935373037353665636437323638353633633766
63356366646161343463396364663266633634303334343239616536343339623730626438626530
63383235666331356535343539393531663037373538663764313336373065636634633131383232
34353935373631356537303036306331313930613933393738386363613865653835633063323530
65656566326564633437363266333037343965663432306137313036366664666562633466366133
64343162316366306564323766613139613464643564343561313735643930316132616362353665
30326633393365666234336265386531633635343335643932313337326231333736376637303261
31653735643433323535343430666233303761323335613730623361663161323633346237626462
31363333396639333237353836373330386130313334616364346239653132313031353133623066
31396437643538666139333832326431336264346134613031663734313237366631393461346462
62323833613364643932666631623236393062623833346436303038353032363361353361343330
62393064656531623636643637306266653864386237613862376539623136326131623330623362
35346230366261666639636664656638396133303461636434383139636637393837633064643534
37646438333932386463376563363036643336373830373265313262653164316430323539346130
33623036333661316439613462636633363239326632336265343138306431323738623732376562
32373231636134343532343764386631303564616633663231373835303938336231356463393462
64386265653861393063343664366535323530623338646637646232306131353265356662663438
30633666626666643436383930363462333161396565316366653831666266376532373135323639
65333931313839373261366436373364656433623262316532336261393235616466363666313939
62353636343161353037656562613339373665396537613239326163353761646430646661346137
31653430656565323737346538636230633937393364666638376539623839386236333631316330
38356632326431376437393431376332373139366663346664346233326366613833306265376532
65636663613333643533383833633066616233363632666239366639653865653864613161383137
35393636323937343764663161393563666235326465666335393233353930333039636233353265
36323935396233636538653666663930383732323863346663623964663539323639373931633261
39346262646361306437653962663435306634626466383661663435663635636130383033633636
34373230356137666536386432353430356637393763323261373366643964366637653231346134
30653437363039653662346434613030336232303730656237643637343634356332396263373962
32656235646662373732353861323639336364323730323763613264346666336138316163653637
33626664656564323836616164353861656637383939306361333466613562656635363231346362
38643034363738666433626439386363333530353862626138653166346163616665616339356362
64613235303265343235376237613433613361386639656535653136366435353530666365346564
64353630343861363634336634303166653635626432656264653534376161383735313265396333
63646333343665613836353565376630616265306434396633626663303362373334373036626433
38663763383436613938383162616239633664316534396538633762356534393330363839333931
34363230623035636531663032343832356133643665633663386639633332396437363433323563
39666363626134373562636466333831353334343930353463643433346432336531653938363965
37633366323364326133313433663062343139613537343637383733663963386164303362626635
39303261393831643336613033626234623934663631623737633232313534613132303165626431
37383063376437303032376363393438313236633938333533336335393433663235343734313864
65313138313964353037333730643234646466636665636537386266353430343431353337336638
37376435303732616532653432313763613762656634376161363738393361313238663863326566
33613839633564613832343764636139373934356664613432393437343233333534353530646432
39326432336230643863316363653961373766613038613534366537643134323233613739643834
34396664343731303665353430633365336162393238613130303439326430656531343666633338
65653962303439623162646138316536343937393333653938633635313135643434663736356635
33653164666165393533313637353833656465323765316530386435373762646632386634633062
61666239383465303165323139663135633732653534316234663438313363613932363832356533
63303132663063363034376539393436663361643037346338306138393633636338313535353165
36663266373037633239643038626530613766653162366538623036336236363030653761356265
32323862326238366338626133653137633463663361653761303265633330656463323233643637
35376165313935393238663366633130346533633937363465373834343763393263333138386139
39356635383931623237383765306364666363363538643437373133306238356561633136316564
35613861643034653336326333333964643363326366373436303462383661653264373937643661
37626265313062623936363930633962656362326138633266393166643530346363626262616564
66663130303835346261623535396266346564303531353238386436666630306235383832323939
38663331393162646139656539626665363038666333393038643061633830633833373437306636
63363064653731383030333262343665653463353466663433613932396138376461643137633138
30613431346238323863653233393133313461393330303165343237653238363463303739326562
64343833356564386130663133653434666663323737646631363831346530353539663632323362
35323631313162393161646234333261633466656566363130363337363036643634633262376335
61383361383663666334643639366366333338363635366436363138613562326332356138323936
66353930393530386133373036646662393833333863316264626365643633343632636664333635
64636236336163313733323763636232663338396564356131626662356633383363613332623662
62663264623737663766663663376266316364346231623330346337623866363331646164623937
62663930373065383630353865306366363738306232643866386665373730633464383338376337
61323432323536393564646237363337623438626664373033303333383634316662646336333938
64363839313537663166656663383739666463386464653536373830343739333935623033616538
30323739333238623838353531663765646533343535393536303962643834336530663166663463
62303661366137666433633936373235663235323931626631633963623439343637363732646237
39623866653839326439353365353130373464383837646136666333353866386430306436333461
65623435656338333264663336323737373439373433636238333531656135386632363330333561
33306430383361313139393363366364616530383936306661326664386434323031646633626234
39333834663761363637663937656434316266326534336563363331313733316163313331333961
63333533623230373965323533303863623633373961373734336561356562363633343735656663
35366463636638666435366630373334396136396631663838666130613261333731376232643362
37313436373634633332643136653637666365353438303530303061663265613038373162663834
61353432626539633238353539313439386430306330626666653336306338643232323733623436
64396636373963646431643666313261646164643331343065633935343363663832626533306231
33333636623663353536623739336365346662396562316262346337363736386435633335383331
61376132323337623939623435303135333635313637363463343431363334353638323861366333
32656130613435646437346262613233313130343938633334643266303534343233336136396439
39663233633834343436653766363761383062663962333161653665353338303766343361653233
66333364336461343135353963376162343565636130383464363832656663356430366333303332
35356337653937323165313439393236346361613439396163626131646430613234343030393666
37366337653066353935666238336338303666333031353535303030633763303966613230383938
66366663333139396230613434363635666337363964373438653439363339346134323064333139
66313935376162613835373663646338303962303764616133393832393365376233653065333066
32393835303165313439393965386638616363636639366534633061613530313665646664363362
36383065373935303339313336343132663730353261343939343436396631363365376538623936
39613636666433613864343930626136653261313839336239376230346636323034343562653930
61323466623565393236313431626638336566633930666262326236346434363062396135306566
63346637303966663532653164366634356638613031613131316535343561363435616261336135
66626665313331386332343836613461376539626136636430613830316634646238666634656166
37623736306233353137616537333962643030356334323739363462386632656535316530393136
38313637363132633664643232393565383538343465343135643434306439333630336539326464
64323933326131303637356138383965363439373134363937353838313035303366333438396165
36623531313536366464303734386261343635666532313430663332666432343238373237353366
36623064653632323839376336343239636132376639326436353538623537353438386566346335
62303736346466326531333266653066336466623232343036306163666238656265663039636638
65613836393335303665323538623265353561636131366634336135633566313238313638343866
37313865306661333534666432643461323932653035316261316339653237313535313332366465
30353761663532363464623734613864306139343934626635663762643434303739616164653631
39616131383533303766363937393439613361643236396139343663636664643134333939346530
34316263663732383436626139613933323634343630636139373935373765386336663838666331
64333139653635323633336337666631306439353765303135343536313761613165636463323631
31363934633033376237646366666662613537316239373364346263653465376238643761653637
38323332356437386432396630316134633766396565333131323836353935363031656438323836
66343339323665393239383636363832333737626332393762316161393434323735306539656134
65666163333437386665623737376432623238313666333932353866656265313661313336356534
64323736303832396338663863623730383836323363326130356130353561303839343835343538
36386135313438383965393161333438656564323934623134326634633035353861393534376534
38656566353030333338623562383834396434346161313761393130373335393139653030643731
62393132396238326530623735316133386161396465306565333939666430323531386435306661
34623366313065393535356533396635376265643066313263613437353062663463376535343761
31396534333433626264636165316136363731396366666534383162306439396362356130623334
32373733333163626635646538666338636263366139336565663363333866323833303662376561
33333661383836373965396135643430363235396435313465336462323164363161313231343361
64663538343764613163343664653937346131313166356664386364653163346534336433623535
33666437366662663735643563353032356332663835376235393334643364656163633139326437
35653533313063303835656664383464626162303937383964653632346466656534373834353564
31646238383637353534313031393762653339613833373662616537373665626130643066623937
64303235396436313437646338666563383465653764623061316162323033633633626564643763
33343237323331613733633137393031623863636465333837343466653230663334353762366364
36386630313761383539373134653333303234356532643835366565383931663064326139303162
61386634306562363932333464386361376136646136643937356633643738336264393264393933
34613565623837303338643262356336653265303439376166366332663034396535363038366332
65623362386265656463393666313964656362393333663034626161376134363737633632363434
65643733643235643939666635623161356135323330326463646233636563376164373737383930
64313836343033346231306235353963373564316661626461663265666466313036313236356361
38313561633238623766633939666134346531643465303062663435343734636363623739636363
31663638646465653861666431376666636461333637306338613137636563613763333630616334
63343337353963366436346263373761323637626138643938343733363434643131363137326362
62653562353335303861396335643534353032313234616462333938383630336266333538633634
37303436636532306331633166306334386139623736316664623930656663366334643439313066
35336164303138333964326134653831323862313965313833373039326262363334653138303462
31663038626632313536613061313732333563373437666439656630663761343332383462333032
66386664383238616665323336633038653961386266333636336132326638363863393461343038
33343537363066376234373137653035633833336636386538313431343835333934666261646537
39373036663432373839643262303638376566343463633534656164303539343435666164326536
32336436356436393238623064326463306339666262373764336339316466643761653336663761
30363362396132653136366662633938336331663331386139646163363333623335666335393030
63376634353838373334653439316136373636643966663836353531613363353430653037363235
64643431613031643335306438313962393164343862393436303338323063323164303265626436
62626433363362643962303233633264636163386661646464356537376533386439326561656464
61343164656461336264363965646439373235653464646237303365613763346134383833326138
62363566313039633532336663653263636164633662383936613963666338306562386232376563
32376366346633353734616239636661633434613839663839343262303432356438313166323662
34633463623734653334376635363631366666346566373037313934633330303134376364373533
35396563366564633733613564386564663466343333626566396433393861376138656563346163
64643531663762653336636466653838323938613835393338613761383035356261393863316462
36333735316365306561366138303431323064393861633031356166666231353835663965326163
63356162313863643839636366623461623761333036303761383537356335306332303065376536
34646339363463303162393233653937373439643465623538643336346337323461663831373266
30356664613238303261363565356631376666353333306361393765363833373032326239653365
62636435306234646430306666303338653833383438363162643462316337633363396534316434
62393338346538643331333832643432366439326463373630373232343564646333376235313835
38633034346334396162353434373136626135383137353666306230636264313465353135376264
33316164656332313739623662346265373961343436613636303431353833306332373565666363
65333039336337383630396230356630313133316134323966363562363563626433383632623662
61343235663664643064373437383662623265663031636266393133653663643638623734393535
64663033643563386335343863613234663438653338623134626334333963323664656538323030
34353031376566643364663034633364366665363932643937643832633635366565326131656437
37666535363265616533316439636466643439666535666438376130643037376464376139393263
61356266373862353931356138303637323633663939366562623134663164633335366539373539
34323966333937323031383038633631323437633331383237636137653531646632346562653531
37396566393664623034303064393262336562363663663736613565346430326432353063626139
35393638336662333231356332366663383631363761396235353431346439396430346561613537
38303438386563363962363839343065356333373737393963333432633166663034333065343366
64663063656231656135613133623962336330653637353038636534646664623063386633326634
65333861306536353962616531656133306138353664343137333535633937653462333361343931
36366630343263373663316330646236373836343735623961313036323962383761303464613431
32326330363634343431613635656666353464303431363639306134313233613436363336333866
37343533643739383663353232656630346264656534366263396536636333636565303039636239
63353862323233306539626331656565643663393834373836333364363531326532636561313232
65616237326238333966343732346239336536663862393063393537333862363364643730653564
39653332383033306465363831353036656566646137663430626563353238386163613538376438
63323336336264393831633537313830663465623436346631666264333034623161613131653730
32373437623866656235303133363539336433666562396337643932656561646230306434376566
64373665313732646262373538633631653733343537363038633161316135353335666664363762
64643734393962613165306131363436333230666636366439383233653562383863376337373430
61306163646265626134613534336664343033393366366662393761336631383336656332616166
63326162363064326262336564333732666635366662363131636233376161623632353630333630
62326134356230623830386432333836313561653164306661633165313065663462383934303965
64613132663961653964323165663336653261363665346462666330643836646365376336313638
39333635643330363035356564656664656436623634393838656263613364383533656161616533
65333430626265653538333733633763333162636637393439386436636261353731623332386163
32663535666439656434666635346464626432633232666539643862643535323163383033616434
38316233353662663030396639613565646130643236633763333434613765306665653966653862
31643732353136356235373033616466366261346232366539623332306135323735616461343365
38393138343134613635306638616463383534643261323264363934656632303531303762353664
39306238336561313839636532303935663633626435376464323337633865386161323666316537
39646433626439653063623564376462666334346634613833623033643237353631323431616366
30633566343139323337623162343034333930353338356166363331663664343237356531623238
66363135633337333962623737636134363534616165653839393639336463636539313936656361
35303238376231333136646266323530636537366566643661343935396133313561356432303430
38386433353331383938366363333733633465613561376361386135613463303438316432643938
33323133653139663239336165653365393735626534386163633732343732383763616165383236
61366532363266636361346130333039366362353231306131616665633437353633363862323465
35303131333433663365643861643930616666663635666232313862653664333731656166326138
33373062333065653730643439376431663537383433336566313637313133306363656530346531
31376462313235613861373535623562323162363830306132323361663462366435613637373861
62646335623061333234336337393335336265656563393262633739383530623463623636623066
64383835653964346239366165383565653330386431396263393965376233363234356334616466
62323633633935303030353338383761656161653363396564316431633935386434336439353030
37643837613637663937626262373031366562653736633261646131393062353163653739616566
30313530343237633164643330383931313663346262616136623734613462336338386133636138
33393032653966343236653638653238626234616133323862646337376631666161343237393034
35653036383731373035643139396534353739616432333131333331663865383862363132333937
36316530386362386261306566616563626633363236306539376631353564626265633537393035
34313663323630633866366136313738623664376333623939333362363433303533396335336638
32306638653066396238663036373262303732313665353132303536396563623166646432636330
66633965353332613661363264383464303862323164636332383834663834626236363433383837
65646337303863633863616639303365616134373761633766316466626632393662383037303730
65303164373634386266366131316664623033633335303264393435323463303631343863616464
33396436313732356639313032653638323964376132363834616530323537633036363638656332
66623734663363366334373136373730643836323336373466653839366138636439303337336261
31353865353861303135373736373137373135663366313538356536363866336639396138623537
63383430623937363433663265636339383331323535653836333432393534396136393337653830
64373134663262643635333039306133303937393038313765353730383066356365633163353666
31373330343337373639663164653732326438346337313864626130663561666430303033326462
33336637303166656130393235313463616261613635633464666562373461353765393830633864
35636261383833393937653461313338326161313231396266653861653562633532353164363838
64646631663065636233313733613830343933373964373333656561643832373734633862316565
37363935636139616537643736633531306236366436333334363039373433336636663435653438
61383865346664363336376130346238613239386334386431626462306433376161306536636662
65343436313834376461346336303730656165616162633231386237356235363631623433386231
62353639366165366636613938303038343633366239616334343631306366353064613134316661
35333737626464336263386663366462646139303661656362323465393836353065636261323561
39383735396139366434363332383736613664663266616164383331353838326331646232373934
65376239383536653861616436616533353337613836303666633964386436346331376664313035
65653438616233353032336437653264393631376163366565363438356130623336356436313666
32646337386566313765303436313234633361363165353966333566363636373133666161656366
35646135303666663532393537393665313435653131396539616233396235653232383736396165
39393237666666666264386136313232356631316266333864326639396263343338343833643832
39306663636430616161313431303866386635633866326239646437656235623930623464313438
39313039303562313563613330376166323835653661363130356438363533663034346638356165
34376561656566376533626235616537653166623732656366373532643963646132633163643238
62383061383136613036366334646264353966626437336166646662356230343134306237346330
39656639656133653535646334323336336562353036613731353862653066343532636164623663
32376363323364386336343236623364623335343736373531356238363737303334393131326636
61663137636636316236363062636232313561326166653136326439316539396430633332636532
64396262613265343333323634383339616166626535396630363937653132346534326663303463
31333533386662663232616338396630396165373164343031393634376136653939383430373138
63346565646337616139376130653764626462613737353632653536373234353361393338643962
65383233353336336233656532363834333762623739396634356539363865323733326464633966
32383365613462376561346165643036396531393438646131313134303735623261623938386463
33663334336362326466346239346265353864626434343032663264303966306134663266646162
32636332306430383934396165303761613139316238343665636330316435613065336362666163
66326339303861663563353636333764373038323939313931333361616536373035633664626365
39316131613436616530616236653133663365396336646166313132346631326430313638363333
32396462343665356166393232373631633563393332636562353039363336353932616132613262
36353763393663306634343537616330396534336436393765343765363532343633376361636661
39656237323063323365366432393266656130313565613461636633316561626265393135656635
39643863303766636439613335626530666564313663623861643337613663616463636531366632
38393636306537663037343963323731323032623938373435623736363334663439313334306534
64376630333763346537366636633136626465393836663038326661303934373165613730323463
64663833303030316535373062313231336432373432653261346662316433663539613730393333
31373934623135363163363539636336646535353831303733316432313336633433613138623930
61383435633064656339396632656466646232626666616262356264323738323631636236316435
33646532336464343061626435383330633537636537353661313139353039373532616632376361
66653639643933383266613665666336313835363033653637623861656636626139623061626438
35353166366435633564376133333761636666313434643262656638346631633164666163613135
39663736373730346635376137373965363036363965333965613136623133366562373865633431
36316533343264653338363862303731633032336361626362396362383161343335633432636639
62373432373662663235303935663037626334313665313961346161626536643832323935623337
65356663323330653531623835636438346564303935656366333235343266666663316138663530
31326430323235633137646434326431393963623265623165326633313236323466643035643239
62313433383632313830343964663661323135393933336437316137663963393535386133303661
36303866666631346233633536343434613130336530353339313636633635623239643438336638
62613564356637363539663931656565393231333136646438613164346535383535383263646663
30383632396537633438373939663137386337323662656330316661306430303765633638346133
30376334646135303265363761326263663237343233626465643031303038323631353633333562
32383264386564623931303435643536396661336234613630333630373539343730303431313764
35373562303265643338373733313232366638383561333534396132623263623939646537653964
38623038636161613036643461336166393262363734393639363866653533396536323439313532
31326534613734633939303030633736363162343335353565656136323039383730353063373036
65353537366434623465666433643237313361316637653565636137646466613639393135393833
38333265363364643961306130303632363634333332363263383462656332663731393838343036
30323730356230366436306437386631313732333130656363663362393763323664646638353530
63613235366332653834663438643762626237666366343734646464646261383033373539633962
33323632626531653163656431333866346534393237363961313232383663373564376562363534
63613265303733623465393262336638343363383863653538373138623864313539656138323261
39653132643131376138373439346131313564623335326336656533346163613430343338626330
66333338323835623532613835616561343239313665306230363366336630623362373539386263
62323237316132643535313734633738653830393932626661393931333665346134313865303338
61363735393634613761373161373662356563666261333331633036366465336234323365633664
66393962353436376335316161376134396339336234613531383663323838363531386262366336
36363065366263623166623136343265333537613235386361333539653665353239343735326535
36313631373266323539613236303835666437313861653339383634626238306161653434363331
36653864393166363438643837643938373338356532653665626561363333323862373839626463
65343866383439323335646439663534393364366437383135346162333037316231666463643065
32373564313532623530643265353363343230633061373431633063343434363363336630636265
3465
